1000
916051206 105925884
501254630 4268722 766529589 34437252
265368697 361564520
220507830 174407284 141876268 197940801
128622557 332681778
68442602 274742354 24874116 111283926
984110972 98307821
509046952 12548617 307352648 67433337
578097121 230423235
157699017 127006872 109852778 71549100
131223237 543757176
102219183 432792539 71007153 148652491
836515634 328387568
399214760 171357836 251466746 213879631
785202437 848416516
165954530 660240559 440462230 183753674
775287907 479189385
480021004 186958722 774902893 440058571
690775642 54857468
317380188 38196697 233358468 8672189
65721256 988943893
54411827 745603132 34952209 537429660
964238245 823120810
409878058 130865868 956110001 736604133
577248914 559168615
508673086 161129259 413203681 526102034
90548130 667837973
30723656 199760800 54167325 320341093
599123003 554234134
181681708 419602117 148263678 523492660
56126156 107685045
6337307 44605288 32910336 95153555
610730161 198219663
258557031 196700704 339477569 190075285
871132442 493514915
172782540 273323143 772766808 125847232
152611339 980090809
98273403 260585676 26334214 565910175
954393150 94745923
774765609 63120866 442823554 5093366
207183629 337242173
33808360 155612934 25944919 194741802
710665612 227552076
504979394 13213356 192593943 158346028
507215690 752030095
357843558 693769775 131326841 218749343
33590261 273685464
17913610 161795869 4552626 18489820
611657601 179626958
230367047 11928024 455417659 51462274
347614950 727695079
96348522 50165572 196781558 241896998
133289940 716011141
99925131 107000093 115020826 523050214
54930777 918544238
42978854 64466096 12479048 583604279
102237889 689782341
47242870 365038721 65649113 572095335
192698917 181923871
76021533 146131724 185099825 35866952
210533384 89138484
15622218 38615059 181882467 18128063
180807622 822757565
145068341 627782611 151782269 600204847
318769290 958809509
277168813 536627587 249426096 29924509
804240264 922324894
495475805 279746339 48369250 890734654
361856968 674366544
132285504 1087290 57625031 47340457
685354654 516235960
60840778 139463654 465627619 436631693
123215457 733812565
57212296 453812870 92442220 272490221
6471691 889238575
4853397 442564903 4721515 230634172
957898933 537373965
690378965 183741990 605710253 462372253
660064930 316949813
388689221 158860831 556558857 161393163
590812588 243090903
289251965 50440145 545493698 153392936
976492895 286280088
536075426 265382021 731460023 32149098
858848390 612028083
825025341 474505476 440991534 128307315
221684245 859656325
187972661 307369526 53948499 843686101
384698071 49866448
211279479 28383987 289065381 45747788
553530355 874711875
146702697 783869048 200804927 847572398
978595499 125817291
691634531 40666336 116952489 83854254
259673126 295324335
254954423 11746671 36592699 90725584
489134463 601411835
36241281 396341254 486805470 381233345
890170059 689458902
224466193 395241589 737765534 133453760
671175586 625389020
8460454 168864334 625648616 217551508
366714202 941081125
76118859 179677973 104480701 894217449
347729529 127779002
86297489 64649116 164628583 85826999
567361177 66139806
362316554 33896995 186243427 30605208
954890272 304735442
75701977 68548104 747278175 276290357
363466362 311729113
312777102 130020575 247715369 257576793
453362771 200407485
64315034 113535655 183582275 188012197
268035682 332040470
84014512 321054634 178915145 12259216
820488372 104769920
663717846 33167195 482791093 75851893
847168193 245771491
259976482 119806397 623948062 50176927
902318928 619308065
597261454 554644577 736776124 483421216
220686592 647423464
81452526 109232661 193192345 278422719
287158488 977030798
135224070 98577002 38200226 974188207
277315172 868665043
48756084 179831944 213568670 327821548
315371534 377810315
130494409 58147392 19590374 40755177
576021879 701349250
6993068 196271820 535915470 234643422
198788106 740423030
158262664 262857564 65356024 99779137
237616668 810121307
135421842 634465552 168773016 159094631
613279198 76999169
49513450 66511752 423721389 73203947
424666357 198775554
10867335 92480731 351179288 43674183
606105191 384794301
75247553 140028392 84986837 27213944
483247693 294715484
166197349 13022251 11329615 147317355
582211495 586003893
16739274 573966918 616868 203094770
528753992 929074422
395712218 299440382 231439232 526137014
223924151 491432312
3450683 227904577 133096564 73629880
281247888 745262840
225713689 691393036 222997163 390893232
840001053 721217928
171414647 387791131 578970986 167480071
586270135 499035227
218524025 120338807 163827760 44213248
670846745 559700817
402230185 163067118 651576127 368768945
786540685 17987139
405467697 16889886 750745372 12734944
814490541 152833282
392425761 58361727 118276256 36282602
298178861 326812472
158661777 158235540 181479226 119857912
26080282 973071310
14146840 612658479 7829 656804428
593816789 698880752
379904282 443360547 405799899 595442808
672860803 969373907
307219612 861223321 376717913 498443957
187157902 207145486
52917328 62116253 68492561 74942103
46913836 549696811
44984087 223370576 22361281 401964183
987641669 354580071
268437497 137785852 392385177 48381080
939776216 925212469
557610693 688248145 420055583 827106257
730583847 877095741
595035013 704758616 109185129 232482572
329144342 147205477
303181617 123658236 302220163 2007230
603298021 940141509
151184158 229203859 60651834 674115207
354852250 70786504
283256082 17479684 291769102 32821760
129814716 35172011
68254561 31172686 60951196 3797859
770489603 265171696
106900635 160631215 312065728 135810521
29835195 749329975
24610803 407250317 16521598 439092526
110879887 517538816
85174972 384559763 7006555 115552549
800739268 148415699
707621105 98564552 527282808 53376288
175414578 605727700
113829374 363423302 87855260 260530962
45543147 781278018
15199530 71470436 10636293 199365745
860900764 871734128
338266254 283252572 457284482 383693317
28917254 139912992
24451850 33458580 1514359 59200889
238056380 224243778
131608041 189368318 89142225 51577465
584360967 121653618
383489093 31145983 475396767 118694331
398074725 785496727
287912767 256763040 193114647 368105884
856639559 413312258
484697233 256184265 212378823 152388185
562654237 111606165
246060312 28848930 391556231 4644626
415946970 613180861
72556654 500292145 329429534 357724513
451121994 644440262
328480493 95292616 85808963 75565329
68809211 905811911
35711406 651250075 67598717 591944115
71367820 743807552
9951389 87814175 30776886 458986863
983799912 970858403
676734374 962352221 495685571 915884966
857236691 898068677
179652486 616058313 381781675 249609147
893031911 672291595
334906727 271586781 556146972 633780333
797256162 285768792
223736423 161198997 154523940 127450255
605136245 970051056
598706991 126228743 316216602 65854164
697873176 717959127
122797794 309056386 40424739 204367907
759424344 87916736
220706109 11231793 122280964 44726897
152820738 841134855
126728490 795624852 53871702 646894218
144254226 739499328
75065155 139435708 272010 122693166
838806159 798214695
104887905 181249568 276855391 46095142
979946226 254069889
108207952 5253538 930992074 157599923
141774515 501540799
6429627 2875877 128757773 149155582
75172142 148660746
64906328 5425209 5866698 101208790
889143905 542255243
686788487 218704716 523483651 71691102
362601375 303953305
214713316 263177579 248357156 91701185
146820451 931244039
122746236 156651794 131112070 800391094
476486802 111191320
61468910 76370495 465355081 66504703
918578008 378472821
286870214 122333585 157164615 152644238
392932863 653237657
380205615 48755913 116541474 4593838
438510272 56933272
310373318 52309063 279935341 1336030
803442266 771318568
150401139 724463508 90526378 112063956
770690415 896146008
640196388 767662918 551580067 200893830
591836072 568838185
461202784 73170925 239380527 152282454
629680685 781608491
596264886 435243689 131852980 593862477
832353657 812025047
53733922 287010667 309016864 148765354
808355936 762264465
215116006 599010890 375189398 95859816
370377580 823872417
250220932 609508786 9992488 192708707
331460662 515634955
212342639 18443442 287627403 495441757
739896297 412181943
102003645 140423521 662238446 298007559
989749371 550625919
534722249 34716430 275223934 543554221
269379347 474333813
187072631 65810601 137000187 428018519
727957384 561613398
531257402 505571620 668444385 325652402
855853430 967007308
505666484 358915362 331170213 450853275
671108842 746829684
516394976 161892440 209586366 54616842
818766421 607141309
508752706 32090452 160841349 264216435
35228577 664567608
18200764 357272986 20904325 605265995
481286797 266190877
468191586 124082070 243730132 197825326
392232577 870439126
134909512 454681171 155070853 61198614
358590449 390806378
49406843 57811447 286660504 353376935
217062546 448973069
86580976 108192527 9542607 87771148
91138806 405085787
79164350 138151676 54318894 362461735
143025029 191328878
25111420 182310360 59757326 34979381
902353624 643231116
289264271 258249834 388240548 321622007
751024247 480354798
207718264 7942118 318055701 396204111
94865069 914820722
84374924 48267047 1760573 789637541
181263758 882018725
107132310 404529530 79169001 546296232
854322571 383609885
373004133 301000805 253733519 367744202
888516820 465816081
107911894 89233963 452507806 131608901
773203661 350322002
167848838 168674190 239743030 281714305
162321682 923802963
109086476 685078905 26997219 50003162
787661914 820968717
629653725 734689839 104348149 45250114
656276503 533511931
262571237 194712616 368918776 165910132
248468449 954559577
224136895 632292093 202743240 850770037
572071192 28449196
1784522 11947012 98830438 23632806
8919197 127157021
3020104 31735858 2458778 91957726
758969562 906615560
454678692 725763943 548559317 776262375
342127174 625289821
118554120 511542659 203971679 171986066
873649857 544431926
128847932 199952787 713586989 193702679
198456637 932811496
79292778 610162905 125815368 185810562
460079998 580255103
396302539 348037737 223354253 104745679
482005585 972179765
324043082 25012402 53615499 925460807
701238046 727733287
143508959 383079928 84733776 310977044
488469017 38221608
369535287 17453091 360708176 13647690
877420735 312304712
625225249 196941550 176920195 80959955
522906802 478860017
342617664 299900022 80016716 454148979
674749251 986992123
217405062 268824798 646269488 222398790
851048445 326830553
441218034 135900217 781402532 280976069
458450005 192788015
166199999 113581740 8617978 165688712
15210141 109011234
9080184 94688265 366678 37563518
990998315 869679857
359793452 371867430 19698135 755694565
147114141 630716069
98513371 592649726 26344960 195583968
297760019 555398247
132315699 203122096 93328938 485295242
409012294 37308967
16172515 14754594 171869671 12919743
970766 104952793
509115 2147959 551807 57437362
833692476 531767681
416988062 343078512 631327369 446437952
608557043 683031064
237591043 163590188 506796793 569938453
989983822 930344080
951243583 723133358 963024406 208873455
702581453 107208839
692705308 29704292 300663403 42973435
378209350 575985021
353843874 508058771 183307582 544004539
519727712 838930102
420670505 771690494 264789958 358989561
588588654 866791143
312507770 570827337 389737732 661018854
196441766 282993318
80466158 192714038 18453934 119195359
636899879 851786232
115890473 452143172 413436292 57208924
127249150 575622588
93834995 398922704 81642128 509489856
118440400 95326195
91017580 55748527 40537018 59097743
817983368 461315226
3438282 82309490 384782972 460401591
854155565 233575828
569823783 44973998 417134803 39073820
922473010 451076075
177116860 254764384 131665125 26956589
30521341 880175009
3010631 698565055 9817705 784229788
824420622 78667390
344499731 34414030 79607274 44883335
586100048 389060465
539291255 35719410 578618935 240781197
19360896 975544723
8878963 385532206 11220661 94343871
5184207 206791299
4893028 168903641 3630528 72677365
847728497 882664285
406831742 761461604 806172418 511544768
823684469 669716898
284810483 549791419 298500651 621396067
366331177 154800748
279260174 130637587 138976035 61454569
640536197 112661970
149074049 97249648 386160317 60665056
347141201 112396081
152452056 82715568 298948956 39545937
663301597 396522796
93321719 98010202 472922154 97615970
130397470 277725288
60663972 155181515 121988652 39440605
859684094 891943398
847930651 250446660 706922730 871737741
97697963 973951789
4513391 344698429 490898 620665261
898604054 165428570
481884815 68614531 64847491 8160476
904835208 604081395
746455235 529267872 667009004 600309130
400747799 392268808
261480189 283110609 91414189 383359034
316142223 719411183
193778636 233113900 304262224 364989675
965423284 427742967
614232869 317451229 49770806 7851225
537326841 366583571
146948636 241562246 166554982 41257086
33615787 504395350
4639350 75010924 24817105 70611672
11332696 130169917
10938487 124303184 2719444 90720616
94113705 829684387
75068777 421489464 63378499 224483415
522696248 457765571
460133469 363315757 336465919 82677727
192061056 824705970
128218893 756624786 103591745 553674192
705857019 408776517
43390272 406206414 702973779 396275445
275192769 626498853
257199036 575276168 134876651 567646434
35856484 371687117
11880296 192165369 29923671 237664197
576925947 257278636
449975372 41679040 404804949 80173010
201843179 812569150
169039165 801922593 166650872 39512998
684151399 877131510
282091079 49684004 641648559 195143195
726835029 848766328
28475355 106674938 129173451 499376648
259001446 351498545
5667703 108847918 192508707 154463115
114638107 387431202
49372312 109293281 45236479 22975149
39530527 997797693
25885266 128542772 24180229 351285528
721462308 878204928
316120722 248771874 409914046 443583989
381212829 460764386
360891321 9904850 87791418 57656430
799703588 597599730
395935377 74837402 231998113 472604210
188420251 773719370
142182751 210693694 152097190 211583558
808130373 465295370
445512970 176799866 435337248 210659666
484003036 713503520
301844615 286919222 378107695 569596934
92780813 460125371
52624891 17436245 35091707 169941175
150234062 311564606
13639556 101474241 149763946 143703358
397916324 574365403
238704505 114581130 15131818 221506715
652461319 157065969
2643352 109702198 165225342 149167892
643149320 508548338
493697364 267926826 261209319 400319240
292097184 275341503
176311249 33508465 146674158 378300
432509952 418981343
235864602 100698717 357232887 633957
395864849 362484787
24535113 306814344 237629282 121527156
113376555 909877974
36052286 751984456 15327531 798753572
353992959 874697039
199421902 374758886 150726042 40196273
407536799 228175916
260263777 47689945 294930599 64252930
341443635 512885080
106838767 414105015 331730625 308933768
956261996 619239808
665193904 158878142 573694418 352068789
850366547 73848886
752923436 53536958 739202576 51506916
720882169 998622633
594152916 48954368 31461065 54194908
129777839 209509613
96123730 11585073 62082644 154964025
188636589 937698313
78702655 417832512 6362195 891989554
778265958 281364165
174265619 149355165 625433092 67648195
888323027 235981721
645521347 144909545 213743440 59652438
829697785 289099392
745748142 138587251 705656546 12178684
45217061 953016436
22728156 354609661 5045511 627331431
559873889 644049294
75234387 209055432 335993275 205710693
414500346 827024651
309475265 304299058 325590962 142076964
709876704 497014945
550947746 100649618 434997833 162870961
149335574 226650576
77739100 108178456 142729175 139006171
451072950 574601498
319930840 461584975 285481104 492607128
105583859 663238351
39644299 347555714 19724505 540366512
318749224 278557119
105453782 1365278 184563096 56806849
934853162 565368053
756179504 515349238 585201679 241173405
11509107 512351507
8160508 496791497 3403425 276262050
679226843 618525951
291461999 546861380 129325885 180093259
6853831 896417441
3095429 223951257 4794194 764424781
92302126 444236132
79579546 282108870 80147940 264990159
665194460 919882734
626144683 644331721 256268874 436458350
886976764 351071769
197803891 86984338 75696516 327985496
188169104 674895281
143995244 19001691 20573287 48607565
335733152 461738716
310852196 139409847 1052646 191119681
840365293 362649067
578231236 301475926 812252525 191318688
249829264 889639102
62062193 536216851 161811314 831080338
944454341 118639733
11489498 67531729 697147493 114249617
18844626 367473100
1996123 265363611 9983919 106782014
942421560 806516794
328249844 723629801 549835333 601558397
569116090 587815342
390526722 359410231 100795030 462248517
189501719 5068256
186043996 2052275 139295179 2863068
546158428 214074137
506317361 67509366 240622894 32048070
796894625 467387334
327657720 121298051 183423801 124878527
130165855 954696016
90589681 610137855 84920921 506135056
100769722 498313005
68108584 428296283 63071851 426424757
400058567 353321049
307454502 348886105 72573100 7543903
607401386 710251388
455054106 667443662 37638567 26035159
172296587 124790113
14864744 82132166 107055822 74132551
702434028 545034768
289049303 255944519 239878069 231368607
867053676 681122841
168587291 34986554 713963235 177741367
408859945 555939547
48212962 342910459 117703248 162783740
659709994 796445615
226497347 111236044 406093875 271160102
675171959 267702055
567954045 141822666 331612098 235944647
659288643 650051095
264942898 528960379 171499096 296378176
273637231 121026257
84565825 109766182 94846880 47185843
971943039 196141252
89827675 30352789 71174525 140888780
340255022 87343745
13713193 13255155 126276295 81552271
190559516 644762292
100781802 267268792 150553683 223573890
553236363 407367320
21332226 128021479 174714962 149279228
997287142 779490825
268639724 56935561 275689780 600434848
160338621 12316536
63419568 3506058 104058819 6388540
867812377 8712010
569087319 7012794 489108382 1186929
128351281 543025889
53112512 77604759 94359710 89872211
908520765 436962457
175931181 368519986 233988008 317499980
282733526 884666826
19843137 122060298 245257635 580208726
350110986 378512432
312985001 273758879 52521799 35101666
645929504 311656110
20092395 49864674 448002809 106801332
400921512 683630424
111359115 253386752 27812501 508058704
248735555 854611623
85089276 410351942 64132880 184746660
883215882 303764887
91430113 206606984 722037250 165075379
106602604 954212022
3117928 445300801 23824240 416301301
415819714 184374249
291660316 10550065 224857984 7623036
267994358 488379555
1723938 202873257 30390183 463842874
942577965 152594928
928843644 150503920 751405148 61564025
26921317 750924467
19229976 434207664 12779078 474779258
67801975 128058005
2069095 16121775 58472088 94619999
562634584 581081006
162176054 153737987 322279605 55573661
585501365 893543576
282584607 647446555 34143874 153305488
158532835 521993582
138440291 105835988 49038809 134024146
668041571 212661538
368821689 5288511 90976438 157437660
927123216 98860425
513917450 90687556 199596307 9124237
45729144 932169977
12042430 571806435 19343785 369263044
399338020 86072310
160367127 59877649 275933661 83535067
851538323 91372109
754189623 36097094 2619320 84132553
108143387 13248509
78932062 11229913 56197941 11551750
866549194 390168630
450879447 301060061 306229754 227667113
363378786 821739189
250759496 777708360 302909697 715104250
577049826 674454194
381653189 206385342 532268418 337688586
390933698 199297189
135287123 87438384 109847629 17950519
364983773 543977697
5159718 482743745 278333555 29942615
907829943 418634152
252503791 227929111 207993022 90061587
742296697 932873180
701895617 407110422 743971 182447277
397725401 482781134
216925013 461329642 133126164 140644306
203394343 457633187
92588136 331177775 250891 273516815
890201278 676839849
676551162 120771188 392350398 237033821
907101708 612992696
902643100 525826408 171130909 126652731
114302244 5425644
109366253 4915009 103170027 1550035
936530035 295217459
222851412 213596983 612847156 158007702
264279252 15223700
174867299 12254361 159360387 9835336
26456602 697169662
2960278 274442951 10256517 485694993
461298149 243831636
244430021 214842123 114217225 47980797
751547607 16480319
733545336 10670995 475744799 6160935
981845802 184278700
878982623 181869568 465141383 177928828
651617037 433353331
492752938 253036324 516834140 398863362
690303443 122507638
653468129 90268924 290963937 51926043
352879760 873197294
266240532 358741841 230667708 729035135
261820080 237968642
4669303 30706400 53540783 81371867
66747230 513153871
17435332 3312103 51002414 81733389
738222397 636136644
24418047 607975513 134485713 387761854
559416657 789877495
406394405 673244087 123020465 477688168
891679986 620290223
533461571 580376321 850629731 341924108
127563086 265323605
54501927 151723522 10569388 98475473
186133436 529597694
110789071 194749698 88830539 179008922
336437451 733269728
25457659 371420936 93148393 435047990
851040946 513318844
763125587 64225667 12972388 117079381
65999680 473511585
26214319 372015247 33950303 381829399
668884728 216847349
40132282 158689211 267061337 75360237
799772385 287530929
305905729 262485494 376509192 95876405
49149715 692082485
42113426 52659890 22590216 388782325
862951349 238627641
447500229 199588883 534086443 56932188
289803967 669861744
231853820 196629122 222191364 390762836
340313082 886292750
337964252 724955233 97074928 580595750
968094656 461077138
408465131 2791812 359007374 215469783
193140541 136252140
126064348 8325418 87064320 94730372
466772188 762018414
17900576 552685255 410599636 46730104
172170425 321308098
170958073 195373715 129053959 47739211
857852488 98550226
715534550 9765339 9753707 97353430
887096699 214368710
78927731 160578372 240840387 51445367
104949153 148145789
67788490 93219243 68651284 33423942
574099395 972938572
447533573 683441606 270367283 390145276
626164270 467378791
437421057 164458399 429426609 177984275
673576747 298300411
418792131 26542734 10553650 221564513
815405867 658833835
89352226 26774564 20273837 493194808
679684121 306151387
70552567 91883882 289206547 274458732
367956870 506432479
307940367 193746103 306885618 237977335
456937523 288056454
71601136 171746628 330525888 31513551
893733316 294556061
613605319 87008087 465970532 23856820
339559781 717667791
315401320 639350512 231038805 26277976
185132845 553170775
43706660 168327605 33067244 518953099
955111993 39670001
672248078 29756740 241798172 18216394
677018228 185307413
244457368 114158831 494260621 95902080
738463793 683348154
538036046 153941850 584867831 16714415
394128256 130307080
80755719 65313591 226384926 27875697
409659932 829437620
85778724 538224265 397046922 32243711
657509123 948963235
463553569 176891391 344813501 365474070
219377079 995507365
95607881 316712998 119240601 332526311
365106001 372614522
156527413 14221455 26712017 258810030
720433627 533935615
251224183 201858105 174705592 297995344
995117654 370205902
304372090 280428483 129743476 351030084
663865784 624983771
430339066 248366172 557466049 520482620
786245310 681993146
596415126 674526735 209713432 138080599
804384317 632070081
407157291 508656570 101789202 41430767
92310034 840505029
2967671 247217891 37597620 559194095
892420456 992871904
625002541 576403955 647220656 624322950
831650748 291738702
500789252 175900988 29783046 110032230
874657541 739594598
672551577 451860927 527014735 579438571
222110820 531942870
110261722 55462204 93576068 153462709
28880842 887984612
7511833 152212536 19161439 242483495
655858307 213595731
603498528 117131998 415532289 76862748
440842142 690865463
3608726 494432183 260856173 176253591
342109846 861638701
295451272 800348819 151186963 219910507
194837356 357241263
98885478 330426080 5180943 67068111
152529163 435361122
71591662 218296661 117389357 311821877
867519494 819467896
221605774 526743225 203290836 682365007
152854233 383494499
31940951 103469645 32959947 101613865
619522835 70384661
494517177 67616907 189789334 61281761
971823488 99565001
631368027 20988349 203481508 27334707
333375177 797916106
19425616 703224995 261326143 401643959
112392328 370711754
24126098 150630123 42459557 347801951
327318619 534567345
134276784 72289962 80476824 326381966
368471033 564464439
115506208 464174833 16548536 300027501
333120187 351695906
305741303 184623952 87997201 116727580
60747782 688959182
14025221 549071788 45196798 149542680
140359663 697870302
118509464 146204662 45461367 362404056
640155528 416377512
401187712 388375292 504438030 323539941
878240262 738914522
515535000 711684109 851746166 519671749
966482423 541081879
943201663 377675979 861503622 442076152
665341460 406005950
598764680 281319886 662744931 354575548
859429981 788653549
725285292 541917969 678765154 765949546
995791986 282798642
952985586 121506054 840369240 109485659
395042045 704972460
55479278 522535321 377883952 666840169
143048739 749741713
20983026 246705220 90494795 283010578
409653061 401379795
406609151 353848060 120793046 378919294
862130909 213281429
475761869 141915170 297716657 77407806
49083397 286005841
21545114 226351076 45160072 191040827
662405481 266404498
374160001 140454991 229977922 239588632
422875464 777412782
193480171 606638248 127617346 267926013
142948599 116397517
99287525 50784136 23124230 71177306
492190700 385837955
295252250 243283819 171169931 114295312
140495254 212209341
48850781 55293574 74343956 176665924
844825273 608932800
55407932 74125933 23418506 31698992
27678085 867760950
4797781 336103135 19006679 111062609
471161799 572715018
216491968 330958922 94227346 96515755
697704495 953978667
565951447 922519134 383781004 820304818
601265142 179555341
220818848 20884384 84954406 31196786
264854579 816580496
26551714 346864583 212357546 599268055
833957210 169532767
564524766 36893956 246071730 75410789
456589862 252387569
179316976 214731247 329354782 11899495
247603000 578143260
48061773 367132034 26845898 115167167
928108653 776861857
504061138 697878665 890477818 203416231
356686408 939068198
45846435 517742702 252832910 737269374
65056856 865020554
48275898 598728129 58976968 558012683
600446328 557750747
416047021 317483073 293239671 217586089
117480160 596351946
50972599 219322388 65173016 441667356
269765020 423174540
161697793 43180451 119198167 167015824
569694799 125349639
320246603 52243853 17431567 26362547
257476438 42167443
169041738 7928593 106253963 31711381
321159733 917840552
320520119 408307086 225996335 12569983
138812324 761269736
1574479 436633598 100375563 508474828
791733456 976840480
178543941 871606841 592795931 806344241
495773891 999703058
450748314 15897423 365049355 680258699
573070268 577013321
257734583 364800650 254573 14953975
306387098 299562844
217434446 232211963 144079908 17840262
903952227 347701896
815539316 234808082 721340357 176635022
78545007 487034968
20427336 223977800 48231585 43693336
623801465 787433846
120289553 143847873 345294213 733973392
2190987 629458129
2170633 372576748 837697 98003656
207169040 176784112
154523959 92373277 101431571 166153824
289990839 461742591
21204903 134913835 38794821 410341258
177021525 710097578
59307932 687182157 88457709 665894135
855885355 675930738
361121271 453087505 309056616 31817647
878078327 582978250
317040869 348846802 116554955 552111492
55098145 968058444
10233685 716575196 21531059 179391978
786580602 677409488
735184040 475945362 581448148 391421874
747093434 881282431
59079889 316685906 10348864 376465733
865639530 951051420
850502940 335872318 773283386 330809253
747753550 666579652
699689066 117249831 610905726 649075040
112284227 454780157
29918782 453372691 3270373 192340762
188243487 68432346
96155808 9242282 128883919 58220954
495948794 29982366
246529935 18032416 161629136 2769980
746075445 553591713
577319716 57750366 663535467 280592766
730659015 4537568
728915527 3105659 703468917 2507468
945576443 51473516
885957078 19458668 558635354 37547890
560442061 238189184
391321478 127936417 338493053 196506711
872995996 275099333
451932542 243760706 619086119 140806711
521539010 948432630
248548373 35853412 465724055 82848205
804874929 974912844
213582211 678037257 691974743 784007785
815632363 694230725
370791004 573409489 262042239 140527326
104514353 955569670
97893353 465283681 27786675 846413087
637704735 173114944
173899119 6121123 421374587 127147488
336419820 551436623
98608569 196620524 53304691 246623188
914300196 197061499
54217758 3926357 228279004 163846160
484277090 841240681
377394743 550933246 413528758 362642262
763900432 220152053
333115622 211765964 525077004 93086082
950736276 836753733
856669720 449851603 601711780 91977274
689516564 594552325
544968323 63282120 210279043 493736120
595198740 435254181
520211260 89130471 212385190 68952706
862278179 204936847
235546320 192503353 516466172 142267831
822677914 262531624
70490305 123048708 739170025 9654207
139204866 582160176
52130734 560168407 18013229 320479664
432042248 23365652
293149809 19771773 176488886 18743851
672189094 632539476
70931629 217340047 102534787 230834538
389044591 132046765
363327340 29529615 27758578 121881710
564061344 125416404
543628903 107871448 59077008 101070824
615888587 908204815
491877626 808408011 547004752 877807844
897987152 634775818
539726558 334629727 563938636 422476624
881260366 124867904
204594402 9823919 406360242 102740604
982745403 41048910
459187647 21778993 367421113 115628
829310802 23653092
104538018 10922994 706849152 9639752
420532538 327523106
175188786 155368270 332951934 140515559
48231211 171445173
20915312 86266514 4720880 166445599
468779560 147828367
447155633 101187857 8320953 4888450
902832651 580145919
424932236 176188060 785071289 82905366
72711736 890376901
1443406 245469375 3383057 675514481
464015931 617032359
86261810 335118939 181457878 50425637
847253742 233911882
443289628 104261521 400881249 89160117
585294211 400885803
304539089 295713774 116373527 148792937
459942772 106831471
194866688 96787647 257213907 22954168
926363342 873235516
765445062 779330424 473827169 145608832
52364691 540006717
20853413 90798819 46152009 288987060
966978699 373959335
800858379 85215148 785176610 318929284
924572565 551392662
338671707 163835179 543258233 418339996
782840508 986612977
220597421 551960867 411135018 289627787
843579049 778982124
236697344 114184116 746615921 41685906
77249728 93294805
75027631 78566894 49440238 55216708
88271087 753820566
33521335 471622741 12802453 482217430
317769032 969229132
313867338 183597997 120290860 838542291
792572442 784352505
140646189 418061493 748523940 332047062
408871294 745899307
262898794 309058111 81619385 701640810
287253705 609140513
226005082 27022505 240898318 18626025
144865377 771693796
6236975 358128438 27166535 334633018
831544714 153331428
291423322 104258011 251147304 35828352
465617587 59249702
125796404 49321402 100114130 31277926
659419770 758891484
636083033 358497411 182528681 617811411
436001934 105645492
57428968 31913685 277342586 70110086
873332028 544103878
27796986 505089145 745768859 163825154
441337153 415180788
379333347 146032826 232206252 344259392
425351296 166633107
269267352 128189212 276119043 13740451
91888714 582958383
89184944 561292311 45566534 12133605
443201540 862133586
212949294 140728932 13765296 132882816
24320464 409398012
5322462 130525034 22987982 152677378
212732116 436956455
152128337 254050893 110803351 175754004
860233761 253356005
617141131 120477799 78742788 63473160
778188635 272920695
265032554 20244281 260177810 105515366
588441015 215133308
466888051 50323446 544946011 125100754
637948160 441009015
248822211 300477616 306227405 95883576
752339181 149827946
168142245 5266749 609477933 127222770
664742800 318069043
352578202 166680323 12017701 83060457
766569119 755963912
220171403 652666233 220867946 343668541
779382298 866994350
773642164 210757949 631436508 497233709
708705990 929921342
96537991 414339403 672618846 882056048
620117559 907674767
101575467 631809149 525792149 608579883
595044064 871945887
491140492 525718222 508192752 375270578
339143140 937989492
98152708 816241900 50815894 536040912
803522147 54298836
217917337 48567294 290633704 33518536
908833071 961130756
222649560 322056793 107105193 143298566
150794608 235028859
120675708 75759932 60262012 3072664
658609591 893116803
655084401 376632939 456724862 823162997
747074216 324362187
707305674 252170776 487662969 256797985
661472253 348829350
323450868 104541422 243349765 269731892
53084029 849662365
14773057 636107979 29202296 220431762
840895729 955347679
166179186 243793043 160825167 653416615
802788675 649289135
153863668 212182808 19254265 118256472
828555107 808206204
789936899 418308998 764824653 720687173
777289972 142964174
252463945 102478192 333050324 32725839
834007248 575413157
792604654 81804133 60563834 7710148
990033154 809029336
494959516 660291504 209125523 596679798
73088236 976236515
48615027 909355357 3777000 183695565
390113826 447718190
359143514 124678037 235704963 83996270
435828360 47576948
147876140 23890505 300723403 14663440
875574443 416952837
775098335 154960793 109288402 162973441
566105789 64794732
369368705 30497385 466668800 2361279
902095550 443148212
765515494 347243608 312661011 412985099
748380577 268507534
21088738 153828353 371525275 198688676
85389428 26692042
28848972 24251046 27997951 7014078
41362022 178234665
19262160 140487780 32106844 41049762
810900406 591212177
427716787 488526624 153184886 553969538
677275632 292261343
271309566 4039604 211232137 131895553
754131583 298696173
218814364 80718468 169806242 272110681
313659731 59595235
281859141 3476923 13950781 36492166
529615434 540204687
486467872 6242756 309561316 246233354
971406546 869801861
145800851 526251752 536542414 12358988
932019916 168686573
455280395 35391038 8554278 135993567
176978504 859022121
2375910 67715769 21709652 468962645
43993059 999786233
15356764 665683683 37559263 458821994
489150259 421825492
188248166 339784630 187862123 65195505
693752373 239113541
288794256 145915420 581246963 182686598
672155390 714400619
401089743 623071167 59716649 18937340
191426638 447329485
15912050 312214213 130588787 424928257
705867665 291670185
19735983 118778963 623602586 187732204
155119265 138368070
49340635 92923167 69854216 75362507
857963158 593857741
176394327 329520608 177964046 138726924
147207617 225769794
38250725 121375219 11978191 10791257
754961148 852010355
518508549 343333550 668038847 363246623
766592337 890819714
45973569 530464002 450090152 209759529
786058428 132229691
25673941 105229618 243909165 94500395
431463813 124087068
60805053 3629117 286770492 46658079
682185345 821360012
516235843 377253081 302415266 686262705
129438712 514832671
11389506 197443612 71067143 458303190
860750857 42562832
588910692 18568846 193744597 17991678
911525145 215433752
759398451 127402198 701346454 40787653
753698917 955804127
749230525 265664031 462836127 309921372
325504328 127244713
257753034 107524120 8824014 103139045
536085196 266681198
481172938 237357919 83098976 56390271
649251588 985275755
308032037 132878955 121013225 790942129
606409541 437416061
274718506 290250535 27919469 63370946
106298873 471111320
41253358 439929693 51297321 21384414
429958965 526676181
394561632 264926525 80874832 194812093
866330466 227786785
196486437 175877695 298249933 101271495
68987093 923411970
28876657 454416998 175190 554962713
918600982 917277955
563547194 818386835 191274653 735103197
445952062 444096797
433718317 213083038 58095886 212482475
2958953 460926369
1854427 250760274 1409098 137803764
977837450 831444596
623063997 815125494 393706886 599748446
900332713 589103855
288331568 390866879 366460349 405791846
824848169 643452118
323138231 193092906 668086294 195283396
11122602 270082730
8559698 156525501 8781541 146107888
376655215 740876518
92110660 289046094 31001232 737479234
621331995 524579780
285096825 232746027 349816935 443108456
113340666 61713105
44054978 33840078 84682853 3156445
123787294 929430803
32208483 163038148 88770546 294389896
88855386 107766011
7986199 58723774 32586539 19917233
44402262 700722453
2116399 498123224 422939 128778110
312333577 511951421
283839514 37513560 197078363 25861479
921702810 174166814
761308457 172800739 895882871 20568700
485482489 183264208
319101391 131444776 400997664 160616816
280700087 584770363
234163257 71014012 72825452 212101921
800472678 319465710
150065708 68030584 276342217 252882082
435944168 660827586
265261428 464081657 291728728 73663734
54444222 556382323
30864456 413526854 47874881 372334894
292011683 443430803
73489572 389604457 36825748 299822702
263492470 78095479
55411801 59076958 128667009 74831650
558998257 530340024
115149055 29633079 78349939 360781298
69270127 195809010
32002934 186635237 14217751 62871455
256256952 369483707
157525269 65358300 127576189 267655837
263036354 658086133
135636457 445034978 153794002 446269127
526850400 901805439
367748046 161547743 187207657 389727102
976201737 307713378
395812354 55225069 322554811 258235341
544219549 135971950
171882513 74548776 358133637 84794615
141984448 882441938
73853947 797689900 137205664 14250399
779304375 295580138
297275152 263063482 71474279 111274616
260801708 362003794
115174637 61178950 242542816 47021739
625534585 258668609
616524947 222379333 258471473 13250410
914848889 66358254
466047051 15413170 188412038 55563772
601119366 166371096
333717871 42318901 65194841 111194956
947114943 663412943
322514963 103783050 711762162 533943169
939435511 595349484
497658347 586014933 69124318 96872860
369689294 50517890
136394052 29533711 208460503 50229935
725314767 84932497
620350371 62447213 288959188 69062336
399758287 794872978
366238764 776942306 141729412 374775667
55910849 654783065
16259409 454389428 31648703 358877548
737249119 813529480
255060258 721541717 538703277 434389462
265899814 275138846
53043189 241804804 93764366 104656456
158657113 935067984
10837070 227572683 116047642 612542886
747667227 615798893
178025576 40728560 277546392 227253182
898210520 767506697
500414846 431065057 379842327 140681807
449474262 836210295
79559993 251226180 446290542 622918012
286558931 121629459
72632261 52885147 245462946 85250643
375762562 223371243
89573849 184891262 319252572 130834914
962986759 923390260
583790377 646145392 6192253 272515190
756125037 967889700
520906921 128160703 168861633 667210138
85663990 226730483
3025869 209818015 1146851 132528458
143574484 309219050
44440262 38164661 47902421 243235368
79455614 424741943
9458068 237815446 30712403 31488600
207841514 822466607
190900873 205037069 123475493 711079826
720379712 390147317
74116617 123744742 249718959 287173549
135356660 365764040
68762058 317481047 87742691 294842805
858151490 88022103
765329972 20992609 135576937 15141728
210111115 582603721
131106914 161064502 36134613 112966986
92169635 931116347
17770684 527709382 10747715 233648292
315721758 632344701
234063493 143486554 12932675 265759390
393303722 464780022
71062229 263163304 187020944 309233524
816132474 255446257
171940814 246460617 477026320 132312146
389123285 959606453
287691672 628590673 319378380 821350532
868430997 2294620
191726788 802310 65241115 1761162
121417103 935226874
92200208 200139770 52815843 157680168
804686780 556702282
429676929 416495700 236669682 56280158
567557533 335151779
7258591 48813138 555943881 28390553
619818549 937033955
440094102 433682999 175762559 346436956
830080530 642007019
683524658 123008893 176299275 453137356
543641048 430339591
108103839 323248518 316725240 372753956
412670641 734778421
96405216 148516526 330878408 186364932
667071425 667696864
48843203 59359681 160691352 135757987
578387178 319577685
105000895 308181498 266816561 108015397
280075422 257463148
50784519 193930394 45880992 81598713
759749170 149380844
445707111 29643199 227614381 107802960
925021959 897663235
224372642 172451513 110759678 429213579
133373590 37129827
11244488 35296964 45540885 23372381
520856493 283551442
442152790 2217095 204510904 244033268
911332597 577922955
598986022 306931356 638042934 556383113
795120340 634294750
315848839 243749822 550655915 446437764
387094772 505478885
382305142 490857187 8591109 62422699
66146436 545239418
27296706 368796805 4517638 37191940
734914677 680698431
513142580 522118352 509881600 224910204
410009344 906211213
76877935 405917473 357414167 651388375
774519758 996663641
457458781 989813357 219552167 180490111
764806989 454000869
28145042 439106832 703746020 172523415
514646384 407800385
153832314 376939104 280646125 346417452
629478869 426700750
449139825 344672776 203474568 392996089
810737832 68120265
175956932 54871343 336235346 39906155
236573310 303864561
179820863 97313709 10674936 214071501
633858915 578520086
38861142 115193439 596880961 374675914
762546478 499140953
433353643 66506122 172226928 407581457
550362335 125834458
33287451 90056048 510138645 120420959
479583966 572372214
363574366 440431882 268525539 135033263
483440220 818026991
279928806 724028177 48685393 24961348
247814644 256913400
10296560 59481140 40183283 246395650
329744547 64197104
182025348 31832517 85461881 26542100
92406890 882061471
16426688 103465203 3931508 254828257
174913401 758318236
63871577 424810603 51911272 23730558
988351853 410438174
912176122 359368290 47637617 306313299
955833980 832319115
395660416 131963828 483908241 134166124
258464122 88778232
252535896 55821327 168139317 54875367
979968674 516001467
160505696 176323726 872999276 98346973
596781094 360833332
230315612 271207081 375030203 257923696
930866462 165056085
155204013 7163115 761748126 52450276
99470531 128210523
95685490 270637 90884701 116127334
577674469 942971741
360930870 450863326 472451160 552785787
132014808 472546552
18197305 353467959 69539367 217504382
373523480 195492698
194962393 20986767 130067493 56201
419051918 596293690
121734775 41063048 283575811 216325254
862035059 184263688
620031343 79242681 184604982 20545896
340949203 277613855
124159979 55507041 262875587 22126187
501097790 881615072
73321556 751426086 407114307 596059883
310044759 165127837
88414486 63207549 80970138 154055720
671249264 827809886
140770742 262608403 100147243 281756181
794116154 997734199
70692831 700898374 561033000 894860742
419043100 15764026
47064848 659318 102357229 6365092
275896271 785439821
249057854 142474460 229884403 273533048
444422057 267131310
241403133 175709684 94821917 251558362
811893250 813987759
269441393 451109988 442105808 24184366
131882095 85090739
121245491 22189401 82315647 13318529
332697101 71866524
254910244 55987750 94991300 44310287
936765038 581583725
330727716 13951976 416406435 540418459
754269867 463476862
638004309 126566599 27028045 358487762
150481571 474961163
148020573 242219260 35823550 340870365
886013212 623038302
857753798 599261316 565798513 176723906
399734147 518306754
26647027 459120811 119592342 132908338
226847361 188207901
23059632 2048291 178262811 27985816
843923276 853871599
556698568 126924052 365098675 762226054
814071243 659979802
809893774 358024246 371490998 272710806
526880979 321566678
286409999 178295304 390312086 226376074
170673013 505365519
167125344 80829012 144973311 98793392
961445440 286476194
812014435 61603932 585444572 134362463
898023808 415001283
351900242 298605693 877322375 226077448
24131043 993191651
23316352 32779938 5857043 467607901
152404740 866009769
13059128 259457618 132985632 10834791
104150551 187224741
205011 96118281 36238911 66695253
42644396 155807956
33832240 148448779 31839067 44400690
421493267 157676958
280113334 21101814 140514507 142208324
102010616 175000404
26430333 75339274 38391090 86273945
822091994 26008612
22029629 10513256 437400341 21197500
51860014 8453158
45565433 1523575 3934588 755609
641182368 471979004
503900300 221640217 325669394 400127665
593353979 670264761
426842739 385482169 544589331 621567183
233682928 529321654
37864971 223929551 119435913 267402239
150834056 625824611
116435755 13692368 4997816 298652757
398175398 469853022
41972313 447118833 323201003 200356340
412077563 989560193
242163250 28879611 199031384 849329655
684076754 476227624
292234047 391454144 436291967 300667298
245079609 954091422
97710093 484500725 82234402 947712682
616050905 484825998
33223869 419130631 330497353 366987832
267546571 302222851
153801102 229364328 35298895 3173173
981483760 626492806
281594616 213236230 71794983 519856652
451243322 210547386
397335722 160389730 257121381 30204148
366837425 148840228
357791001 145384333 5154819 35261202
539682386 972955463
331716623 173989605 473034233 914299955
823955515 798126624
67925171 319663067 555845085 431495317
252835656 521804553
23785483 127554135 113563324 96824862
394666986 951818794
149402212 775840472 330762081 385373391
502695553 147056154
427515942 88648088 383259122 7616651
368542978 976555063
323200616 765260403 169676681 326405238
362004304 560349590
229484294 88657949 128474824 8815760
522722943 42895380
19636992 20463413 55495022 23633314
28460484 45229619
15417573 43008285 20846230 19266362
766160564 823111044
740863114 622030198 233965115 639243448
217824544 580736850
147934739 491820156 161888227 394620334
296746495 970844498
152325736 199967915 212179528 293303293
108444737 753553968
6455942 735587390 75506786 700705868
110000164 168293470
11384674 72267514 4499720 85169704
182893237 941619854
158950946 13037192 171335010 862174886
938539863 52762097
274344346 17913574 199882628 31999328
166020800 748829988
20281359 502240983 46400180 507713079
817618337 734448667
149661365 466531219 84411357 135423709
54018692 128844492
46998150 124733993 8298209 123745834
766118851 640560659
627984109 530477384 236001020 316077629
237810477 387270382
215814599 11235186 22443044 324003239
217673966 533304198
34283118 303139568 181866882 453600248
19584672 194162411
17003934 60506720 16743276 183282680
738066790 123578154
45568294 113939955 127988663 94836203
948884406 461857478
45825901 116761638 361100293 35285781
291054639 245022731
27891534 73670885 175637986 51280871
363778941 513140054
39526853 117740647 226704294 394794140
471475924 721510876
411822085 158044689 25329761 532460611
277395841 22482071
109539244 9874391 116872710 19867936
978632789 571008787
20734689 478736636 697522257 392569797
78828476 989370445
6902984 891343159 68992971 788848353
456696228 126148659
382004401 65942099 226234753 62995300
553062022 625384282
470995263 242882989 342392964 340389119
951190587 486770297
686087555 269939764 850032623 365041572
89135002 271803411
66196646 173319606 18647534 259657874
129251690 137523617
69060789 53348062 46494363 28424632
845406810 225221795
449666215 77285486 90218649 187949926
125180483 152004347
106638916 51891337 85212781 74025015
788312734 996600479
469488262 661254552 449705839 773220411
302913892 871677428
218018465 826177289 180950535 44101526
355216327 944182376
85168897 300029518 102041697 845403139
613778013 812408455
399259580 93637787 414026467 613413280
355413245 372149059
82599441 205239974 274888211 53544625
589658845 618537071
220140450 379441610 436632174 462156184
208021429 479395209
122302404 357077871 46602968 221201464
697118246 633111053
192474078 483251750 270102444 235874049
716205060 12053984
446134907 10001706 276849342 5176475
109172849 315493231
95148059 217330860 102415477 158557357
858735050 780148259
265802018 181916165 686898023 180496254
683904251 584920230
135855267 526774735 229841033 561758051
680056559 379724987
365612409 201024558 126290837 222457859
416096529 252931727
312417521 75778499 236107914 219269253
879944029 611550761
165435709 279963892 659483906 87227455
606203665 266012297
271396929 200122971 387521502 242884454
580128200 650875973
523451365 393568698 232995266 79928006
983995785 827824406
412110277 214976529 657198482 747334054
413596956 719322252
123797055 381410848 238296047 665366037
793572515 570801208
140681994 139037604 305596955 100516011
243152988 168359192
390093 3756627 9391645 37159517
194294548 228486663
135762964 205127260 5368495 116135966
327407138 694178973
248140754 685942196 302813638 447700755
367085558 348244137
206030968 112933497 184235587 1338965
958074221 344223417
900278343 258839075 598951015 43247732
640358195 482532092
486412694 313861424 369869912 448818671
753190248 814463870
533107938 660535741 74044108 272775324
500080994 316552207
363709 136356103 484780869 16702109
695692642 11516832
94287007 9562519 105298335 468754
235310148 529624059
222537129 87793259 118369628 35163157
649130892 144873746
290494028 21930528 601387056 59759493
535975352 175855411
281743536 125582069 70207728 141944553
76442449 426679691
74769245 183901657 59848488 194124857
844749932 196825441
236760872 135668644 832596796 177109264
936869960 132895337
85066459 90891928 923635333 120847367
661659673 229564572
516740906 208865283 409039426 97528175
934496125 464924615
329107330 339312515 853481534 126740669
503781441 71816801
211537910 1458489 331056615 23511838
584939811 693734449
247056539 431026506 584472715 658073697
611231826 868499003
275276907 109912374 38278779 268514945
298158601 381053862
267289235 274010659 9022569 141144799
607420212 654312307
412808817 144616446 224026999 240098950
897784473 570898800
225231871 536863117 844616297 213541953
794697703 780408421
208312355 229919760 400942483 497811116
533006559 22325490
294932676 7742747 9613502 4931620
404743370 928787769
347436936 423157497 345679937 289538027
179371383 53859488
47095791 47530196 113465887 29469061
119633064 982407075
31053170 359172164 92898892 306739540
372021615 940675310
289436049 205889383 250614100 637919250
136958103 322032966
90382271 221827147 22298317 91124649
759939163 628363329
518978312 364441582 588764905 182402515
531910080 453543482
161946148 246420570 319982242 133167618
70146138 695877722
61897283 46695740 43087236 246969221
599551804 786098371
332013004 724460847 1189909 59128138
178960264 162327239
16093967 89486026 74331703 119055082
617913244 713911873
158908634 710465162 308345319 526972765
950352104 75661672
927619334 10842557 398192786 11530121
211670326 642818828
37218238 489585117 4913927 63554220
779714652 223323010
366820963 33391471 750325111 171223061
197842115 953168345
45457749 509222448 107381120 44582504
607532452 174177857
28302595 133043753 262560240 98431300
187866625 202369624
120204948 146224052 113044888 41018649
577685293 332714149
36210396 64367812 160308828 294181679
483384061 322720124
264419082 241444487 15742143 7947379
599299552 618770456
381977705 607704649 460482773 522340017
870394567 102089703
350550087 6399668 451512249 72018418
781049955 495152486
149252492 15557675 90076403 348815329
603593292 414573569
364739764 121522992 140456334 387331000
214124057 752154409
160444093 402903190 163627391 565699433
441303399 63325046
201774706 23867251 195035704 40988390
631656917 374997569
128650101 346238743 454718537 262662713
268536720 945551598
23149553 1384501 161140558 59020214
306131058 871220942
4847978 609530374 261185530 760531450
692950341 629706759
363568575 374811711 685732633 610168993
719203829 561432390
146767942 395853349 554226497 237947731
731175169 692581704
371704553 500369257 519829974 88979491
402775471 94973641
89492716 17052263 358197229 21064122
150882265 90054364
59796750 5368924 95200045 50262180
122687186 445175247
19911017 377358038 45290603 186403002
10781265 931855800
8527711 784372288 9439341 605020889
420211069 465702543
366965132 146131497 348930224 20378328
226220246 289774444
104478680 35062161 97834318 78791114
234961463 311796551
124587101 135662311 203037344 106854196
190964407 939961744
20405350 525138343 30040337 656545829
158607418 635263557
137970635 619366113 122785345 320480064
83179795 255399579
49423993 113201342 76564538 154988892
951444970 755088579
131251413 564519968 253647686 750275140
35666404 750300554
59302 273657257 7623384 512822382
578378262 12041270
146602122 7078107 493663060 8624006
961107171 237693876
17317265 5312627 3856622 67788711
263961610 66437529
25979891 31135991 105645539 11690230
270180396 787690011
41150266 529961911 127305207 766915340
294718595 250644174
129152744 1212475 93589200 174577132
448087985 950140061
50319198 302388934 102770276 163934427
437829735 575004746
80971015 93684141 35585916 537962549
330486234 721947743
311814831 292744647 59638887 431943286
591382638 266415182
577741788 196004730 266130640 142030921
967000588 898885139
931979621 390778371 148375092 538161662
889471719 741877141
619467364 271227906 401380056 270463441
708510025 608193166
354917867 166770689 286757629 167385751
268366235 706888507
133624648 63328609 180707189 87561141
789958644 823392271
307165910 481817131 66806204 450485300
956070235 177745794
423193359 70937372 820633599 89875746
308725245 591427422
69978248 529053686 278438818 526928119
726533401 944609478
400032142 873226551 46567724 536777230
370649818 917685133
342381281 875375260 178129717 267087010
73582035 768455006
37418170 623514556 61748638 165776647
513991835 285259998
256849577 68595098 51719785 12298709
222981218 327412242
166772039 249912672 120697545 206245855
180413634 296710298
94473547 276681677 39685677 211341629
937535726 485710269
58021848 54205241 629783766 233427416
269543379 866136484
171715805 548619032 101887021 300364533
212718053 13743913
192989691 406622 104299474 5972195
268300028 84509446
64059158 49826914 156088578 69840322
399780016 854435320
377749402 283299451 128172276 777478014
588159147 397278736
249997724 199228631 340436097 20005502
573656412 267816987
528076862 380248 238105206 232119
258703126 914302069
240586282 482016705 139422141 87245549
422026274 243730081
229952520 92194059 111791420 50015093
854570658 407676458
470841634 320490344 199932373 39545585
720785862 900339963
392590050 406954674 495540574 16789245
117264465 668718511
5515266 526309264 36447714 386900035
10434688 254475993
145947 83296131 1186452 157483710
298081169 926678504
241075125 397402593 76725979 50089932
230201547 430501572
218673903 23899864 228023175 124792983
206088140 890273268
29070950 180392875 8699075 362155100
564128215 530887953
294052887 379253384 60933000 392250024
844035364 41051510
299262891 15939222 139511188 22693214
743197081 806783456
261055675 708010102 159458783 731447262
855787713 491378478
354190023 92473659 612234162 102203827
982343864 624106543
735447649 624077869 133028026 497652318
477673328 552870059
202591838 97018280 288573407 351587557
98194752 635425047
94374564 281053364 5713793 388855567
294308583 483266488
13623396 73500226 157902966 152701503
674737428 105654791
577535526 30154549 222376961 36395292
923128544 222773952
842390198 86872664 559887874 162679653
810901018 52771397
261999297 8162691 227255091 40025656
538292319 952496737
2038938 440487193 109702393 176229773
970766396 395879308
668149331 233024632 406353126 121632092
652288577 661922790
29022469 485780723 384361106 658550144
632207407 587301386
554546701 503035744 313111626 357102548
451736509 524412819
150949220 157850617 317749476 500839749
124117442 746608628
99534550 605762369 43571198 139497507
248973217 501257503
26048894 424580345 58364831 395202819
410336332 979844510
217537739 933268050 204418130 399462739
706150399 831055255
48522663 132155437 265288294 830288965
956898070 224789554
659102177 151641926 258302870 82076380
625910110 202417660
76774026 113099145 358790978 10840262
5807363 492629654
1009238 61616584 3994033 467804198
624739483 575954675
437242125 169822131 448077880 557259621
399776194 163674775
117697721 56386715 67201641 20083240
233952100 532096731
203803297 468793905 214265512 14001121
421143254 178489234
302693420 61632959 358480020 51204721
627033365 896822436
622507545 24459939 462553854 201545632
798659183 212586218
631167296 38804423 651393165 177678771
570574513 112123312
266411245 88959346 57983782 31077935
390795378 333522966
147369783 222774030 233440740 12600326
569499951 242835826
183138071 65802008 51421472 27892508
849654670 35672087
807010716 449300 397486089 11581251
710885567 69149198
78395461 50071581 278635290 27503089
136769645 91495754
38581295 78077417 20771289 67281108
635449273 166318250
597185436 6476516 237358182 97861166
786091601 546889458
157890766 59642771 222219388 424731149
793647895 375798054
527534043 203220473 467521160 41396547
466538538 892689375
127894445 460193736 362509805 146053843
536333654 983603631
130306254 928953585 286936892 447547961
914384759 909284714
688816588 861007934 46582203 607640008
378390554 855578966
46021057 409024457 219672059 690992693
457649696 122037196
376960742 63696019 125512622 70354259
962550182 159419663
811958413 136911157 697579825 104277352
443867593 922358136
240046063 439155418 386142167 289857020
837552248 754500159
36698747 223254300 335062681 566927224
52520141 2395320
896488 152015 46838961 288772
594812441 659865237
580280196 89294988 501140398 464414599
132943612 222790323
39701682 84785837 27456589 168154356
954080760 38392663
911047212 18537889 428822341 35680407
497198286 746849539
16497298 24516770 78785633 29248578
305635950 376564426
304713699 66997829 28785730 6434093
261527002 522877858
247796345 397889910 180234031 41820135
939157102 247701721
663867132 93759127 838549032 206584946
266965968 86678998
235567342 13040463 184916233 1987479
42536247 439505119
32075738 287234148 9855109 34430317
280335214 981820069
149104931 457016719 234117618 563456891
892670031 736918694
51634250 634963634 192925533 168806321
970205721 973687014
681834026 222747390 758655809 559520104
82852972 72051590
64027715 44329463 44915887 21305153
811489114 243939917
213828378 106892594 400549604 206056545
813396436 616176517
58773204 83644836 71278625 405551653
179954998 74731865
15565808 47082460 178159221 71095038
5483150 307112576
164509 274256461 2516415 182343369
418358973 831151130
297420393 154313785 127838004 564528426
248166285 724368610
8443714 519779229 105923710 329012605
207482371 405655416
53545480 219890447 22160745 141279005
803022667 629056883
12439207 493620922 408011778 145576620
37555391 613109045
19893734 6208721 3530508 229773352
35638028 902954369
7766696 76660038 24661382 843347199
522167144 341793015
371133472 44270932 283356226 140032842
637370928 791401393
125194153 37907835 383069670 48943339
613116267 744971327
546530766 689455605 322147346 22976070
520862245 953400513
455314478 910049630 323954353 496064422
488676839 152768113
162970739 39980754 84148898 127098339
24244327 723334587
21042302 502081336 24230593 498844132
113509518 53527244
21242888 17099660 27421647 19421505
