265274959
78631562
163458428
201694304
55457772
284140048
147748014
476486885
294881889
84021720
208173472
605738265
364972775
120580293
103890543
50548267
80920538
599984268
305324499
331942055
39128868
312385451
475020432
143306049
225050612
191731426
416050121
519138183
207056614
110264772
166260249
27577764
506703078
610988315
74660473
404786841
181322649
211930731
278630263
167869636
256241733
233232923
384033807
536316575
77785902
63703350
574682042
218361724
450564189
513299341
617188162
714539476
78331094
176073127
671576198
127556218
119267241
308795418
180926753
363971580
139514670
169190058
875611205
164812586
110904035
528922402
163078427
475370921
374207939
340311953
112814448
154867734
370872148
226696632
154274697
300499804
407556339
76125559
249345942
345277675
274149505
38377628
44145949
152082261
362779364
15575233
178593607
123947680
138858112
485849884
121651006
444911348
15342076
27374827
205165093
31842209
269007214
180338297
102892340
127895309
119018228
25742309
137790853
91907674
111342844
272318410
145495919
256872880
242671530
59305960
371172688
181048803
366449166
362193552
69212483
282490389
104688479
98425145
148730634
74793145
171967486
822784122
146279705
95783581
163304836
171476394
643739300
403886171
129705599
263664141
50973033
612399552
566769088
221822257
464411906
255282942
503151074
416800079
476998315
560234801
508837791
362207918
179919218
174496271
306808610
347911357
247993009
224461454
393482557
295565488
77038369
224310059
147330979
98976277
388261993
741370494
141766702
119270614
344595912
113040115
635075743
689439725
106347539
218477944
97045916
60221868
93880625
339556593
584739057
424352343
243292058
900448405
72102884
8827111
448305054
262600948
428864426
340184498
157582021
57124747
383827135
397065758
282173146
155697156
55289403
214339307
406348265
514259903
392041905
170536292
412700933
90191517
73518679
394934248
110567152
50480562
381344690
152688980
227807795
85664733
264892457
205061787
291188335
96226276
399340676
71604648
140284139
237086268
146496900
379600435
115740910
621291081
275966832
417037324
79446231
170066000
131875775
564462063
200305160
20177755
33582568
197006049
280638030
202950594
659583507
122322385
45498828
45170423
762409595
359557480
392701710
186841004
86318132
222742756
194812115
273099903
397766808
9914439
33859800
282677712
152504930
136124390
223572687
162581990
232488045
33130165
121368285
213094169
46769116
334562613
34666822
224891858
193190647
13720860
562691851
143378952
474157042
451167473
431777907
126408567
272721770
260758888
162222094
115949913
64990075
34449736
192810798
79109314
274175833
220529447
366768121
540473524
17118711
369875809
241001158
123421957
309799550
234021289
294863487
685657995
158581597
221585489
289731692
46748817
265694467
144233919
104002799
5036733
341342202
641408503
92191078
49171234
545375944
180126719
179596528
236341947
232582203
62580339
110535991
112563102
49771881
153382736
543499287
40639251
79978937
41247198
58056827
458148428
260463202
427910414
254671952
225605282
630607137
28999500
66802332
260969617
177438496
40571594
78498224
160103551
494141067
89401482
277845251
314321143
202543391
115566534
751570303
22734121
144649693
62604110
150615229
69487865
452801130
137867524
701151646
320685336
92337245
284200764
731512191
6196226
389995744
15506912
211252042
166861326
257800537
413841240
145827038
362504192
370293294
50665467
78421286
220213659
283373940
317168160
53248049
21958532
67690734
750153199
9814152
226929055
166609089
336122435
142656695
194133714
240889324
212677971
86404954
505955151
147634504
705780843
161912656
59795301
293296330
13525876
408238481
466420244
218653980
44231232
258924752
147634787
613072536
350625494
430449906
249803253
137227435
145629207
505980554
188582679
23632720
244588575
96137239
174628614
272116448
536446136
467225803
311976204
47918995
471006206
145536842
98000505
90270959
187966239
318178592
580438312
263357969
93525216
155621782
1855780
304727843
427886519
301581036
197171828
254092004
164147332
217744102
399529108
216199394
103250318
336211166
81698041
73255662
224031577
112616346
322404674
69511769
285816105
178045212
35310249
144182079
338712235
76163295
128988507
121372350
42426941
225040526
234443167
182170443
135864442
252403472
318453036
202831752
251964867
494462434
219526672
40715446
122807350
222344968
123835373
302815036
62787775
395737103
98801084
414251990
664361276
349846675
214371701
94198959
180284464
590125519
274573092
73780547
275427423
29149777
421269858
203264690
537183218
153735892
59779827
77219554
531825209
261031929
48978672
84900799
222842400
25446610
327321724
68570294
167153577
217175682
478392532
432882163
381129406
247475468
50002664
174061246
188290984
191961382
357874329
430454000
307826070
280919852
668679720
239688743
116660923
31603158
335568762
484551895
69399833
87846897
201765840
91766534
602311134
157763148
80179085
438834680
360139053
430045106
284693302
42408379
188165562
73833479
633721592
198188241
233714136
254504817
262333080
509918577
25587393
20718882
654944294
607877751
392582699
14893236
23495420
68429659
25682274
453554352
219913618
717971873
198226566
114448761
549158706
199183998
22152344
78296889
538398343
85271085
78057960
204594040
441335688
340560501
308997692
286475760
576080855
424216682
150447644
280200988
72716367
178758227
72687268
446530058
219642705
165190470
415676217
409623572
134609403
302378175
80586379
732040820
285833993
725659792
123438551
152847263
665809933
97300095
452854483
350436537
17236968
99438018
274531901
127855949
191392213
267908360
239990598
513892764
446726117
401246876
206861689
274589125
292452707
604133827
114676737
603866603
20513581
190793684
110583962
149530298
404116583
218235224
225965439
309009624
260859578
395166095
86614545
286394398
248929020
398073962
658063174
246799037
418545279
313686800
101763496
100545715
372272541
375622431
112956510
229357111
78128781
344948063
10417613
448433140
210362429
40627875
131351748
38806541
369345114
86761151
152232039
81896273
161337805
184851498
390417923
41191960
89781755
73255208
331148219
123763782
202297537
18157545
228179359
203010272
186251124
783439501
225800873
127368179
358053474
277635013
268523030
430160119
489142073
72066451
331391183
402166639
95511880
287152255
137148348
384970203
186524622
290383250
371691832
172830685
229678723
577598124
539049435
77289557
205070707
206326846
506042757
175602342
22638242
629753035
94972301
294061090
221130818
115958715
305085506
192759859
126485673
42459602
360215542
548685290
264331543
507225383
208621401
234473192
111848149
200166101
112331681
218092730
256762066
34296397
241816173
249451757
234807076
428434488
331604865
297208148
280536232
809323246
675600978
126813811
245665257
160278414
169145927
558019819
341075335
476851194
305398619
699066829
186914510
96563467
151363054
401080045
864538505
88247825
84396579
712493580
144714591
606544113
115856697
111520290
135963577
64894900
175262206
435426361
138715608
333792751
90848171
40623499
490340169
55292381
131058588
146581216
426925622
38929844
159918944
526466483
610976264
112197023
422537410
326212473
155203179
635302002
438402776
103902087
22152033
226569863
525422133
434827963
248622827
36033900
104048089
139598827
11960757
415370712
41630845
178487448
236085014
81570942
284960389
281228690
820450044
144057920
463211957
297273484
226191155
306620422
140214341
352636182
740310350
487919914
89777841
390467081
81031437
438855165
101009470
35858030
23741923
506897999
97199822
93335378
69050844
12902190
849137694
74461718
26118821
331107510
38699941
391983089
312768053
150460680
122775960
82420369
315274392
147746452
277053493
386492324
9993545
676787568
102494806
155769648
128602299
163945068
86338268
24923430
359447566
22133678
111965859
782075763
545373621
519775493
192288770
216491724
135876407
247377701
169285565
58773503
421096005
93985766
239321572
143490754
494048197
116124573
313640692
532357525
283955189
164914961
33402890
130394469
238241441
111594532
301327328
134957247
459063830
484417160
11011328
104167501
310893028
211535808
14920757
595835924
838568874
111337108
524374204
119518705
337416176
236998128
258266666
188781818
619384426
267891356
285319174
133619470
66370096
61845722
432029867
130702498
182039067
158036094
200273481
665332709
58237736
183492397
529426548
426030897
383504148
464639944
234257645
105205403
229813867
248676939
85364632
100962162
333257654
265808008
162796243
17121139
326068436
137991005
256337552
322164058
407458555
411389766
268704513
44893256
190955036
179351399
125753169
43728953
78450243
131407486
298886049
41787550
185755172
239165125
347060938
62476084
79665648
236953429
173364657
138454507
444278408
252175944
311611148
783604529
218087308
68160238
47082541
240359706
397440240
208460570
353464418
608288250
457737909
205129792
46074494
65340048
571761918
248254499
88690217
92029420
494178563
179223129
289971656
394771156
118161100
280944759
390165429
139409229
74187579
347312661
100893119
181762225
233119887
159751703
101596892
258044139
602419623
254569277
107802203
144279570
355158565
282502324
34744206
264257420
261796205
355338637
241435075
342989132
466264862
32315937
533805311
698133528
400799307
282016952
406187614
387437490
50496080
454792784
55786600
177085693
138874348
208427463
210173704
131716599
409524627
200239829
17810006
359827254
365088378
161823926
314139893
481405624
642234385
281968236
251448120
114378588
149298398
343672924
45942473
375119611
83368519
482224871
62288335
275927969
356069775
174681900
50651109
252803831
106440172
466157313
336772714
23024310
186721226
321906817
162593413
91913092
410214641
190766624
78611442
395572571
223564631
766687161
95761910
257875517
666479535
413985208
87117585
3237204
6178759
